{
 "cells": [
  {
   "cell_type": "code",
   "execution_count": 9,
   "metadata": {},
   "outputs": [],
   "source": [
    "from sklearn.model_selection import cross_val_score\n",
    "from sklearn.neighbors import KNeighborsClassifier\n",
    "from sklearn.model_selection import GridSearchCV\n",
    "from sklearn import svm\n",
    "import numpy as np\n",
    "import matplotlib.pyplot as plt\n",
    "import pandas as pd"
   ]
  },
  {
   "cell_type": "code",
   "execution_count": 4,
   "metadata": {},
   "outputs": [],
   "source": [
    "df = pd.read_csv('Join_data.csv').iloc[:,1:]"
   ]
  },
  {
   "cell_type": "code",
   "execution_count": 7,
   "metadata": {},
   "outputs": [
    {
     "data": {
      "text/html": [
       "<div>\n",
       "<style scoped>\n",
       "    .dataframe tbody tr th:only-of-type {\n",
       "        vertical-align: middle;\n",
       "    }\n",
       "\n",
       "    .dataframe tbody tr th {\n",
       "        vertical-align: top;\n",
       "    }\n",
       "\n",
       "    .dataframe thead th {\n",
       "        text-align: right;\n",
       "    }\n",
       "</style>\n",
       "<table border=\"1\" class=\"dataframe\">\n",
       "  <thead>\n",
       "    <tr style=\"text-align: right;\">\n",
       "      <th></th>\n",
       "      <th>gameId</th>\n",
       "      <th>teamId</th>\n",
       "      <th>champ_WR_dif</th>\n",
       "      <th>user_champ_WR</th>\n",
       "      <th>R_tier</th>\n",
       "      <th>B_tier</th>\n",
       "      <th>o_top</th>\n",
       "      <th>o_jug</th>\n",
       "      <th>o_mid</th>\n",
       "      <th>o_carry</th>\n",
       "      <th>o_support</th>\n",
       "      <th>c_top</th>\n",
       "      <th>c_jug</th>\n",
       "      <th>c_mid</th>\n",
       "      <th>c_carry</th>\n",
       "      <th>c_support</th>\n",
       "      <th>match_cnt</th>\n",
       "      <th>win</th>\n",
       "    </tr>\n",
       "  </thead>\n",
       "  <tbody>\n",
       "    <tr>\n",
       "      <th>gameId</th>\n",
       "      <td>1.000000</td>\n",
       "      <td>0.048504</td>\n",
       "      <td>0.007912</td>\n",
       "      <td>0.012360</td>\n",
       "      <td>-0.060832</td>\n",
       "      <td>0.009075</td>\n",
       "      <td>0.035070</td>\n",
       "      <td>-0.056675</td>\n",
       "      <td>0.022452</td>\n",
       "      <td>-0.000770</td>\n",
       "      <td>-0.004397</td>\n",
       "      <td>0.038504</td>\n",
       "      <td>0.002549</td>\n",
       "      <td>-0.006012</td>\n",
       "      <td>-0.024063</td>\n",
       "      <td>-0.063574</td>\n",
       "      <td>-0.112741</td>\n",
       "      <td>0.001355</td>\n",
       "    </tr>\n",
       "    <tr>\n",
       "      <th>teamId</th>\n",
       "      <td>0.048504</td>\n",
       "      <td>1.000000</td>\n",
       "      <td>0.040244</td>\n",
       "      <td>0.002973</td>\n",
       "      <td>0.002398</td>\n",
       "      <td>-0.009180</td>\n",
       "      <td>0.017270</td>\n",
       "      <td>0.000098</td>\n",
       "      <td>0.012833</td>\n",
       "      <td>-0.011705</td>\n",
       "      <td>0.032655</td>\n",
       "      <td>-0.005476</td>\n",
       "      <td>-0.015909</td>\n",
       "      <td>-0.001405</td>\n",
       "      <td>0.027742</td>\n",
       "      <td>0.014786</td>\n",
       "      <td>-0.029379</td>\n",
       "      <td>-0.020954</td>\n",
       "    </tr>\n",
       "    <tr>\n",
       "      <th>champ_WR_dif</th>\n",
       "      <td>0.007912</td>\n",
       "      <td>0.040244</td>\n",
       "      <td>1.000000</td>\n",
       "      <td>0.006642</td>\n",
       "      <td>0.180979</td>\n",
       "      <td>-0.164005</td>\n",
       "      <td>-0.016132</td>\n",
       "      <td>0.037226</td>\n",
       "      <td>0.012935</td>\n",
       "      <td>0.011855</td>\n",
       "      <td>0.024196</td>\n",
       "      <td>-0.037920</td>\n",
       "      <td>0.059404</td>\n",
       "      <td>0.016626</td>\n",
       "      <td>-0.021835</td>\n",
       "      <td>-0.009094</td>\n",
       "      <td>0.022104</td>\n",
       "      <td>0.026297</td>\n",
       "    </tr>\n",
       "    <tr>\n",
       "      <th>user_champ_WR</th>\n",
       "      <td>0.012360</td>\n",
       "      <td>0.002973</td>\n",
       "      <td>0.006642</td>\n",
       "      <td>1.000000</td>\n",
       "      <td>-0.010570</td>\n",
       "      <td>-0.013616</td>\n",
       "      <td>-0.025420</td>\n",
       "      <td>-0.046017</td>\n",
       "      <td>-0.048903</td>\n",
       "      <td>-0.056104</td>\n",
       "      <td>-0.062869</td>\n",
       "      <td>0.022999</td>\n",
       "      <td>-0.077632</td>\n",
       "      <td>0.022461</td>\n",
       "      <td>-0.011553</td>\n",
       "      <td>0.004294</td>\n",
       "      <td>0.112588</td>\n",
       "      <td>0.439729</td>\n",
       "    </tr>\n",
       "    <tr>\n",
       "      <th>R_tier</th>\n",
       "      <td>-0.060832</td>\n",
       "      <td>0.002398</td>\n",
       "      <td>0.180979</td>\n",
       "      <td>-0.010570</td>\n",
       "      <td>1.000000</td>\n",
       "      <td>-0.024251</td>\n",
       "      <td>-0.071568</td>\n",
       "      <td>0.031319</td>\n",
       "      <td>0.058494</td>\n",
       "      <td>0.071240</td>\n",
       "      <td>0.079887</td>\n",
       "      <td>-0.056008</td>\n",
       "      <td>0.036919</td>\n",
       "      <td>0.037091</td>\n",
       "      <td>0.053929</td>\n",
       "      <td>0.031545</td>\n",
       "      <td>0.007616</td>\n",
       "      <td>-0.013049</td>\n",
       "    </tr>\n",
       "    <tr>\n",
       "      <th>B_tier</th>\n",
       "      <td>0.009075</td>\n",
       "      <td>-0.009180</td>\n",
       "      <td>-0.164005</td>\n",
       "      <td>-0.013616</td>\n",
       "      <td>-0.024251</td>\n",
       "      <td>1.000000</td>\n",
       "      <td>-0.057672</td>\n",
       "      <td>0.054752</td>\n",
       "      <td>0.018518</td>\n",
       "      <td>0.069996</td>\n",
       "      <td>0.069797</td>\n",
       "      <td>-0.066433</td>\n",
       "      <td>0.045470</td>\n",
       "      <td>-0.030311</td>\n",
       "      <td>0.040079</td>\n",
       "      <td>0.085650</td>\n",
       "      <td>0.007181</td>\n",
       "      <td>0.038941</td>\n",
       "    </tr>\n",
       "    <tr>\n",
       "      <th>o_top</th>\n",
       "      <td>0.035070</td>\n",
       "      <td>0.017270</td>\n",
       "      <td>-0.016132</td>\n",
       "      <td>-0.025420</td>\n",
       "      <td>-0.071568</td>\n",
       "      <td>-0.057672</td>\n",
       "      <td>1.000000</td>\n",
       "      <td>0.016389</td>\n",
       "      <td>0.020415</td>\n",
       "      <td>-0.030988</td>\n",
       "      <td>-0.048855</td>\n",
       "      <td>-0.007206</td>\n",
       "      <td>-0.035070</td>\n",
       "      <td>0.018725</td>\n",
       "      <td>-0.012703</td>\n",
       "      <td>-0.041099</td>\n",
       "      <td>-0.140566</td>\n",
       "      <td>0.007407</td>\n",
       "    </tr>\n",
       "    <tr>\n",
       "      <th>o_jug</th>\n",
       "      <td>-0.056675</td>\n",
       "      <td>0.000098</td>\n",
       "      <td>0.037226</td>\n",
       "      <td>-0.046017</td>\n",
       "      <td>0.031319</td>\n",
       "      <td>0.054752</td>\n",
       "      <td>0.016389</td>\n",
       "      <td>1.000000</td>\n",
       "      <td>0.083551</td>\n",
       "      <td>-0.054095</td>\n",
       "      <td>-0.039214</td>\n",
       "      <td>0.043140</td>\n",
       "      <td>-0.089065</td>\n",
       "      <td>-0.036699</td>\n",
       "      <td>-0.023905</td>\n",
       "      <td>-0.008529</td>\n",
       "      <td>0.005342</td>\n",
       "      <td>-0.035848</td>\n",
       "    </tr>\n",
       "    <tr>\n",
       "      <th>o_mid</th>\n",
       "      <td>0.022452</td>\n",
       "      <td>0.012833</td>\n",
       "      <td>0.012935</td>\n",
       "      <td>-0.048903</td>\n",
       "      <td>0.058494</td>\n",
       "      <td>0.018518</td>\n",
       "      <td>0.020415</td>\n",
       "      <td>0.083551</td>\n",
       "      <td>1.000000</td>\n",
       "      <td>0.020531</td>\n",
       "      <td>-0.001058</td>\n",
       "      <td>-0.050741</td>\n",
       "      <td>-0.027104</td>\n",
       "      <td>-0.009913</td>\n",
       "      <td>0.027786</td>\n",
       "      <td>0.013843</td>\n",
       "      <td>-0.106277</td>\n",
       "      <td>-0.027288</td>\n",
       "    </tr>\n",
       "    <tr>\n",
       "      <th>o_carry</th>\n",
       "      <td>-0.000770</td>\n",
       "      <td>-0.011705</td>\n",
       "      <td>0.011855</td>\n",
       "      <td>-0.056104</td>\n",
       "      <td>0.071240</td>\n",
       "      <td>0.069996</td>\n",
       "      <td>-0.030988</td>\n",
       "      <td>-0.054095</td>\n",
       "      <td>0.020531</td>\n",
       "      <td>1.000000</td>\n",
       "      <td>0.036950</td>\n",
       "      <td>-0.049768</td>\n",
       "      <td>-0.010351</td>\n",
       "      <td>0.005897</td>\n",
       "      <td>0.005119</td>\n",
       "      <td>-0.006382</td>\n",
       "      <td>-0.024830</td>\n",
       "      <td>0.003775</td>\n",
       "    </tr>\n",
       "    <tr>\n",
       "      <th>o_support</th>\n",
       "      <td>-0.004397</td>\n",
       "      <td>0.032655</td>\n",
       "      <td>0.024196</td>\n",
       "      <td>-0.062869</td>\n",
       "      <td>0.079887</td>\n",
       "      <td>0.069797</td>\n",
       "      <td>-0.048855</td>\n",
       "      <td>-0.039214</td>\n",
       "      <td>-0.001058</td>\n",
       "      <td>0.036950</td>\n",
       "      <td>1.000000</td>\n",
       "      <td>-0.023748</td>\n",
       "      <td>0.052597</td>\n",
       "      <td>0.004452</td>\n",
       "      <td>0.022188</td>\n",
       "      <td>0.032486</td>\n",
       "      <td>0.027277</td>\n",
       "      <td>-0.027595</td>\n",
       "    </tr>\n",
       "    <tr>\n",
       "      <th>c_top</th>\n",
       "      <td>0.038504</td>\n",
       "      <td>-0.005476</td>\n",
       "      <td>-0.037920</td>\n",
       "      <td>0.022999</td>\n",
       "      <td>-0.056008</td>\n",
       "      <td>-0.066433</td>\n",
       "      <td>-0.007206</td>\n",
       "      <td>0.043140</td>\n",
       "      <td>-0.050741</td>\n",
       "      <td>-0.049768</td>\n",
       "      <td>-0.023748</td>\n",
       "      <td>1.000000</td>\n",
       "      <td>0.004919</td>\n",
       "      <td>-0.010177</td>\n",
       "      <td>-0.039371</td>\n",
       "      <td>-0.035982</td>\n",
       "      <td>-0.014694</td>\n",
       "      <td>-0.001142</td>\n",
       "    </tr>\n",
       "    <tr>\n",
       "      <th>c_jug</th>\n",
       "      <td>0.002549</td>\n",
       "      <td>-0.015909</td>\n",
       "      <td>0.059404</td>\n",
       "      <td>-0.077632</td>\n",
       "      <td>0.036919</td>\n",
       "      <td>0.045470</td>\n",
       "      <td>-0.035070</td>\n",
       "      <td>-0.089065</td>\n",
       "      <td>-0.027104</td>\n",
       "      <td>-0.010351</td>\n",
       "      <td>0.052597</td>\n",
       "      <td>0.004919</td>\n",
       "      <td>1.000000</td>\n",
       "      <td>0.027124</td>\n",
       "      <td>0.026954</td>\n",
       "      <td>0.036346</td>\n",
       "      <td>-0.002646</td>\n",
       "      <td>0.010396</td>\n",
       "    </tr>\n",
       "    <tr>\n",
       "      <th>c_mid</th>\n",
       "      <td>-0.006012</td>\n",
       "      <td>-0.001405</td>\n",
       "      <td>0.016626</td>\n",
       "      <td>0.022461</td>\n",
       "      <td>0.037091</td>\n",
       "      <td>-0.030311</td>\n",
       "      <td>0.018725</td>\n",
       "      <td>-0.036699</td>\n",
       "      <td>-0.009913</td>\n",
       "      <td>0.005897</td>\n",
       "      <td>0.004452</td>\n",
       "      <td>-0.010177</td>\n",
       "      <td>0.027124</td>\n",
       "      <td>1.000000</td>\n",
       "      <td>0.006301</td>\n",
       "      <td>-0.019187</td>\n",
       "      <td>-0.021620</td>\n",
       "      <td>-0.006021</td>\n",
       "    </tr>\n",
       "    <tr>\n",
       "      <th>c_carry</th>\n",
       "      <td>-0.024063</td>\n",
       "      <td>0.027742</td>\n",
       "      <td>-0.021835</td>\n",
       "      <td>-0.011553</td>\n",
       "      <td>0.053929</td>\n",
       "      <td>0.040079</td>\n",
       "      <td>-0.012703</td>\n",
       "      <td>-0.023905</td>\n",
       "      <td>0.027786</td>\n",
       "      <td>0.005119</td>\n",
       "      <td>0.022188</td>\n",
       "      <td>-0.039371</td>\n",
       "      <td>0.026954</td>\n",
       "      <td>0.006301</td>\n",
       "      <td>1.000000</td>\n",
       "      <td>0.023984</td>\n",
       "      <td>-0.012079</td>\n",
       "      <td>0.001209</td>\n",
       "    </tr>\n",
       "    <tr>\n",
       "      <th>c_support</th>\n",
       "      <td>-0.063574</td>\n",
       "      <td>0.014786</td>\n",
       "      <td>-0.009094</td>\n",
       "      <td>0.004294</td>\n",
       "      <td>0.031545</td>\n",
       "      <td>0.085650</td>\n",
       "      <td>-0.041099</td>\n",
       "      <td>-0.008529</td>\n",
       "      <td>0.013843</td>\n",
       "      <td>-0.006382</td>\n",
       "      <td>0.032486</td>\n",
       "      <td>-0.035982</td>\n",
       "      <td>0.036346</td>\n",
       "      <td>-0.019187</td>\n",
       "      <td>0.023984</td>\n",
       "      <td>1.000000</td>\n",
       "      <td>0.044674</td>\n",
       "      <td>0.025730</td>\n",
       "    </tr>\n",
       "    <tr>\n",
       "      <th>match_cnt</th>\n",
       "      <td>-0.112741</td>\n",
       "      <td>-0.029379</td>\n",
       "      <td>0.022104</td>\n",
       "      <td>0.112588</td>\n",
       "      <td>0.007616</td>\n",
       "      <td>0.007181</td>\n",
       "      <td>-0.140566</td>\n",
       "      <td>0.005342</td>\n",
       "      <td>-0.106277</td>\n",
       "      <td>-0.024830</td>\n",
       "      <td>0.027277</td>\n",
       "      <td>-0.014694</td>\n",
       "      <td>-0.002646</td>\n",
       "      <td>-0.021620</td>\n",
       "      <td>-0.012079</td>\n",
       "      <td>0.044674</td>\n",
       "      <td>1.000000</td>\n",
       "      <td>0.020968</td>\n",
       "    </tr>\n",
       "    <tr>\n",
       "      <th>win</th>\n",
       "      <td>0.001355</td>\n",
       "      <td>-0.020954</td>\n",
       "      <td>0.026297</td>\n",
       "      <td>0.439729</td>\n",
       "      <td>-0.013049</td>\n",
       "      <td>0.038941</td>\n",
       "      <td>0.007407</td>\n",
       "      <td>-0.035848</td>\n",
       "      <td>-0.027288</td>\n",
       "      <td>0.003775</td>\n",
       "      <td>-0.027595</td>\n",
       "      <td>-0.001142</td>\n",
       "      <td>0.010396</td>\n",
       "      <td>-0.006021</td>\n",
       "      <td>0.001209</td>\n",
       "      <td>0.025730</td>\n",
       "      <td>0.020968</td>\n",
       "      <td>1.000000</td>\n",
       "    </tr>\n",
       "  </tbody>\n",
       "</table>\n",
       "</div>"
      ],
      "text/plain": [
       "                 gameId    teamId  champ_WR_dif  user_champ_WR    R_tier  \\\n",
       "gameId         1.000000  0.048504      0.007912       0.012360 -0.060832   \n",
       "teamId         0.048504  1.000000      0.040244       0.002973  0.002398   \n",
       "champ_WR_dif   0.007912  0.040244      1.000000       0.006642  0.180979   \n",
       "user_champ_WR  0.012360  0.002973      0.006642       1.000000 -0.010570   \n",
       "R_tier        -0.060832  0.002398      0.180979      -0.010570  1.000000   \n",
       "B_tier         0.009075 -0.009180     -0.164005      -0.013616 -0.024251   \n",
       "o_top          0.035070  0.017270     -0.016132      -0.025420 -0.071568   \n",
       "o_jug         -0.056675  0.000098      0.037226      -0.046017  0.031319   \n",
       "o_mid          0.022452  0.012833      0.012935      -0.048903  0.058494   \n",
       "o_carry       -0.000770 -0.011705      0.011855      -0.056104  0.071240   \n",
       "o_support     -0.004397  0.032655      0.024196      -0.062869  0.079887   \n",
       "c_top          0.038504 -0.005476     -0.037920       0.022999 -0.056008   \n",
       "c_jug          0.002549 -0.015909      0.059404      -0.077632  0.036919   \n",
       "c_mid         -0.006012 -0.001405      0.016626       0.022461  0.037091   \n",
       "c_carry       -0.024063  0.027742     -0.021835      -0.011553  0.053929   \n",
       "c_support     -0.063574  0.014786     -0.009094       0.004294  0.031545   \n",
       "match_cnt     -0.112741 -0.029379      0.022104       0.112588  0.007616   \n",
       "win            0.001355 -0.020954      0.026297       0.439729 -0.013049   \n",
       "\n",
       "                 B_tier     o_top     o_jug     o_mid   o_carry  o_support  \\\n",
       "gameId         0.009075  0.035070 -0.056675  0.022452 -0.000770  -0.004397   \n",
       "teamId        -0.009180  0.017270  0.000098  0.012833 -0.011705   0.032655   \n",
       "champ_WR_dif  -0.164005 -0.016132  0.037226  0.012935  0.011855   0.024196   \n",
       "user_champ_WR -0.013616 -0.025420 -0.046017 -0.048903 -0.056104  -0.062869   \n",
       "R_tier        -0.024251 -0.071568  0.031319  0.058494  0.071240   0.079887   \n",
       "B_tier         1.000000 -0.057672  0.054752  0.018518  0.069996   0.069797   \n",
       "o_top         -0.057672  1.000000  0.016389  0.020415 -0.030988  -0.048855   \n",
       "o_jug          0.054752  0.016389  1.000000  0.083551 -0.054095  -0.039214   \n",
       "o_mid          0.018518  0.020415  0.083551  1.000000  0.020531  -0.001058   \n",
       "o_carry        0.069996 -0.030988 -0.054095  0.020531  1.000000   0.036950   \n",
       "o_support      0.069797 -0.048855 -0.039214 -0.001058  0.036950   1.000000   \n",
       "c_top         -0.066433 -0.007206  0.043140 -0.050741 -0.049768  -0.023748   \n",
       "c_jug          0.045470 -0.035070 -0.089065 -0.027104 -0.010351   0.052597   \n",
       "c_mid         -0.030311  0.018725 -0.036699 -0.009913  0.005897   0.004452   \n",
       "c_carry        0.040079 -0.012703 -0.023905  0.027786  0.005119   0.022188   \n",
       "c_support      0.085650 -0.041099 -0.008529  0.013843 -0.006382   0.032486   \n",
       "match_cnt      0.007181 -0.140566  0.005342 -0.106277 -0.024830   0.027277   \n",
       "win            0.038941  0.007407 -0.035848 -0.027288  0.003775  -0.027595   \n",
       "\n",
       "                  c_top     c_jug     c_mid   c_carry  c_support  match_cnt  \\\n",
       "gameId         0.038504  0.002549 -0.006012 -0.024063  -0.063574  -0.112741   \n",
       "teamId        -0.005476 -0.015909 -0.001405  0.027742   0.014786  -0.029379   \n",
       "champ_WR_dif  -0.037920  0.059404  0.016626 -0.021835  -0.009094   0.022104   \n",
       "user_champ_WR  0.022999 -0.077632  0.022461 -0.011553   0.004294   0.112588   \n",
       "R_tier        -0.056008  0.036919  0.037091  0.053929   0.031545   0.007616   \n",
       "B_tier        -0.066433  0.045470 -0.030311  0.040079   0.085650   0.007181   \n",
       "o_top         -0.007206 -0.035070  0.018725 -0.012703  -0.041099  -0.140566   \n",
       "o_jug          0.043140 -0.089065 -0.036699 -0.023905  -0.008529   0.005342   \n",
       "o_mid         -0.050741 -0.027104 -0.009913  0.027786   0.013843  -0.106277   \n",
       "o_carry       -0.049768 -0.010351  0.005897  0.005119  -0.006382  -0.024830   \n",
       "o_support     -0.023748  0.052597  0.004452  0.022188   0.032486   0.027277   \n",
       "c_top          1.000000  0.004919 -0.010177 -0.039371  -0.035982  -0.014694   \n",
       "c_jug          0.004919  1.000000  0.027124  0.026954   0.036346  -0.002646   \n",
       "c_mid         -0.010177  0.027124  1.000000  0.006301  -0.019187  -0.021620   \n",
       "c_carry       -0.039371  0.026954  0.006301  1.000000   0.023984  -0.012079   \n",
       "c_support     -0.035982  0.036346 -0.019187  0.023984   1.000000   0.044674   \n",
       "match_cnt     -0.014694 -0.002646 -0.021620 -0.012079   0.044674   1.000000   \n",
       "win           -0.001142  0.010396 -0.006021  0.001209   0.025730   0.020968   \n",
       "\n",
       "                    win  \n",
       "gameId         0.001355  \n",
       "teamId        -0.020954  \n",
       "champ_WR_dif   0.026297  \n",
       "user_champ_WR  0.439729  \n",
       "R_tier        -0.013049  \n",
       "B_tier         0.038941  \n",
       "o_top          0.007407  \n",
       "o_jug         -0.035848  \n",
       "o_mid         -0.027288  \n",
       "o_carry        0.003775  \n",
       "o_support     -0.027595  \n",
       "c_top         -0.001142  \n",
       "c_jug          0.010396  \n",
       "c_mid         -0.006021  \n",
       "c_carry        0.001209  \n",
       "c_support      0.025730  \n",
       "match_cnt      0.020968  \n",
       "win            1.000000  "
      ]
     },
     "execution_count": 7,
     "metadata": {},
     "output_type": "execute_result"
    }
   ],
   "source": [
    "df.corr(method='pearson')"
   ]
  },
  {
   "cell_type": "code",
   "execution_count": 8,
   "metadata": {},
   "outputs": [],
   "source": [
    "knn = KNeighborsClassifier()"
   ]
  },
  {
   "cell_type": "code",
   "execution_count": 12,
   "metadata": {},
   "outputs": [],
   "source": [
    "X=df.iloc[:,1:-1]\n",
    "y=df.iloc[:,-1]"
   ]
  },
  {
   "cell_type": "code",
   "execution_count": 14,
   "metadata": {},
   "outputs": [
    {
     "data": {
      "text/plain": [
       "0        True\n",
       "1       False\n",
       "2        True\n",
       "3        True\n",
       "4        True\n",
       "        ...  \n",
       "1481     True\n",
       "1482    False\n",
       "1483     True\n",
       "1484     True\n",
       "1485     True\n",
       "Name: win, Length: 1486, dtype: bool"
      ]
     },
     "execution_count": 14,
     "metadata": {},
     "output_type": "execute_result"
    }
   ],
   "source": []
  },
  {
   "cell_type": "code",
   "execution_count": null,
   "metadata": {},
   "outputs": [],
   "source": []
  }
 ],
 "metadata": {
  "kernelspec": {
   "display_name": "Python 3",
   "language": "python",
   "name": "python3"
  },
  "language_info": {
   "codemirror_mode": {
    "name": "ipython",
    "version": 3
   },
   "file_extension": ".py",
   "mimetype": "text/x-python",
   "name": "python",
   "nbconvert_exporter": "python",
   "pygments_lexer": "ipython3",
   "version": "3.8.3"
  }
 },
 "nbformat": 4,
 "nbformat_minor": 4
}
