{
 "cells": [
  {
   "cell_type": "code",
   "execution_count": 44,
   "metadata": {},
   "outputs": [],
   "source": [
    "from sklearn.model_selection import cross_val_score\n",
    "from sklearn.neighbors import KNeighborsClassifier\n",
    "from sklearn.model_selection import GridSearchCV\n",
    "from sklearn import svm\n",
    "from sklearn.manifold import TSNE\n",
    "from sklearn.decomposition import PCA\n",
    "import numpy as np\n",
    "import matplotlib.pyplot as plt\n",
    "import pandas as pd\n",
    "import seaborn as sns\n",
    "import umap"
   ]
  },
  {
   "cell_type": "code",
   "execution_count": 23,
   "metadata": {},
   "outputs": [],
   "source": [
    "df = pd.read_csv('Join_data.csv').iloc[:,1:]"
   ]
  },
  {
   "cell_type": "code",
   "execution_count": 24,
   "metadata": {},
   "outputs": [
    {
     "data": {
      "text/html": [
       "<div>\n",
       "<style scoped>\n",
       "    .dataframe tbody tr th:only-of-type {\n",
       "        vertical-align: middle;\n",
       "    }\n",
       "\n",
       "    .dataframe tbody tr th {\n",
       "        vertical-align: top;\n",
       "    }\n",
       "\n",
       "    .dataframe thead th {\n",
       "        text-align: right;\n",
       "    }\n",
       "</style>\n",
       "<table border=\"1\" class=\"dataframe\">\n",
       "  <thead>\n",
       "    <tr style=\"text-align: right;\">\n",
       "      <th></th>\n",
       "      <th>gameId</th>\n",
       "      <th>teamId</th>\n",
       "      <th>champ_WR_dif</th>\n",
       "      <th>user_champ_WR</th>\n",
       "      <th>top_tier</th>\n",
       "      <th>jug_tier</th>\n",
       "      <th>mid_tier</th>\n",
       "      <th>carry_tier</th>\n",
       "      <th>support_tier</th>\n",
       "      <th>c_top_tier</th>\n",
       "      <th>...</th>\n",
       "      <th>marksman</th>\n",
       "      <th>controller</th>\n",
       "      <th>c_slayer</th>\n",
       "      <th>c_tank</th>\n",
       "      <th>c_fighter</th>\n",
       "      <th>c_mage</th>\n",
       "      <th>c_marksman</th>\n",
       "      <th>c_controller</th>\n",
       "      <th>match_cnt</th>\n",
       "      <th>win</th>\n",
       "    </tr>\n",
       "  </thead>\n",
       "  <tbody>\n",
       "    <tr>\n",
       "      <th>gameId</th>\n",
       "      <td>1.000000</td>\n",
       "      <td>0.043550</td>\n",
       "      <td>-0.066775</td>\n",
       "      <td>0.008772</td>\n",
       "      <td>-0.029896</td>\n",
       "      <td>0.001377</td>\n",
       "      <td>-0.019604</td>\n",
       "      <td>-0.004242</td>\n",
       "      <td>-0.031767</td>\n",
       "      <td>-0.037417</td>\n",
       "      <td>...</td>\n",
       "      <td>0.017579</td>\n",
       "      <td>-0.070844</td>\n",
       "      <td>-0.040217</td>\n",
       "      <td>0.028312</td>\n",
       "      <td>0.007361</td>\n",
       "      <td>0.037591</td>\n",
       "      <td>-0.013598</td>\n",
       "      <td>-0.029054</td>\n",
       "      <td>-0.110313</td>\n",
       "      <td>-0.000361</td>\n",
       "    </tr>\n",
       "    <tr>\n",
       "      <th>teamId</th>\n",
       "      <td>0.043550</td>\n",
       "      <td>1.000000</td>\n",
       "      <td>-0.137012</td>\n",
       "      <td>0.010114</td>\n",
       "      <td>0.024701</td>\n",
       "      <td>0.022401</td>\n",
       "      <td>0.004474</td>\n",
       "      <td>0.044557</td>\n",
       "      <td>0.006939</td>\n",
       "      <td>-0.012979</td>\n",
       "      <td>...</td>\n",
       "      <td>-0.013610</td>\n",
       "      <td>0.026239</td>\n",
       "      <td>-0.016477</td>\n",
       "      <td>0.035207</td>\n",
       "      <td>-0.005801</td>\n",
       "      <td>0.029360</td>\n",
       "      <td>-0.014568</td>\n",
       "      <td>-0.035903</td>\n",
       "      <td>-0.024535</td>\n",
       "      <td>-0.016757</td>\n",
       "    </tr>\n",
       "    <tr>\n",
       "      <th>champ_WR_dif</th>\n",
       "      <td>-0.066775</td>\n",
       "      <td>-0.137012</td>\n",
       "      <td>1.000000</td>\n",
       "      <td>0.058302</td>\n",
       "      <td>0.000087</td>\n",
       "      <td>-0.060093</td>\n",
       "      <td>-0.008711</td>\n",
       "      <td>-0.168896</td>\n",
       "      <td>-0.114253</td>\n",
       "      <td>0.126065</td>\n",
       "      <td>...</td>\n",
       "      <td>-0.049037</td>\n",
       "      <td>0.011872</td>\n",
       "      <td>0.036244</td>\n",
       "      <td>-0.244821</td>\n",
       "      <td>0.089626</td>\n",
       "      <td>0.076933</td>\n",
       "      <td>0.034980</td>\n",
       "      <td>-0.009854</td>\n",
       "      <td>0.070583</td>\n",
       "      <td>0.054047</td>\n",
       "    </tr>\n",
       "    <tr>\n",
       "      <th>user_champ_WR</th>\n",
       "      <td>0.008772</td>\n",
       "      <td>0.010114</td>\n",
       "      <td>0.058302</td>\n",
       "      <td>1.000000</td>\n",
       "      <td>0.020281</td>\n",
       "      <td>-0.021419</td>\n",
       "      <td>-0.018010</td>\n",
       "      <td>-0.070491</td>\n",
       "      <td>0.004413</td>\n",
       "      <td>-0.000604</td>\n",
       "      <td>...</td>\n",
       "      <td>-0.035101</td>\n",
       "      <td>0.034870</td>\n",
       "      <td>0.009343</td>\n",
       "      <td>-0.002706</td>\n",
       "      <td>-0.038699</td>\n",
       "      <td>0.056407</td>\n",
       "      <td>0.016003</td>\n",
       "      <td>-0.037013</td>\n",
       "      <td>0.106546</td>\n",
       "      <td>0.439009</td>\n",
       "    </tr>\n",
       "    <tr>\n",
       "      <th>top_tier</th>\n",
       "      <td>-0.029896</td>\n",
       "      <td>0.024701</td>\n",
       "      <td>0.000087</td>\n",
       "      <td>0.020281</td>\n",
       "      <td>1.000000</td>\n",
       "      <td>-0.035172</td>\n",
       "      <td>-0.011685</td>\n",
       "      <td>-0.003128</td>\n",
       "      <td>0.002182</td>\n",
       "      <td>0.003451</td>\n",
       "      <td>...</td>\n",
       "      <td>0.050209</td>\n",
       "      <td>0.069611</td>\n",
       "      <td>-0.022445</td>\n",
       "      <td>-0.009981</td>\n",
       "      <td>0.002819</td>\n",
       "      <td>0.012357</td>\n",
       "      <td>0.033100</td>\n",
       "      <td>-0.011981</td>\n",
       "      <td>0.031466</td>\n",
       "      <td>-0.010304</td>\n",
       "    </tr>\n",
       "    <tr>\n",
       "      <th>jug_tier</th>\n",
       "      <td>0.001377</td>\n",
       "      <td>0.022401</td>\n",
       "      <td>-0.060093</td>\n",
       "      <td>-0.021419</td>\n",
       "      <td>-0.035172</td>\n",
       "      <td>1.000000</td>\n",
       "      <td>0.049447</td>\n",
       "      <td>0.000691</td>\n",
       "      <td>-0.004356</td>\n",
       "      <td>0.019598</td>\n",
       "      <td>...</td>\n",
       "      <td>-0.286550</td>\n",
       "      <td>-0.006109</td>\n",
       "      <td>-0.027426</td>\n",
       "      <td>0.039545</td>\n",
       "      <td>-0.000026</td>\n",
       "      <td>-0.020383</td>\n",
       "      <td>0.024894</td>\n",
       "      <td>-0.012681</td>\n",
       "      <td>-0.060041</td>\n",
       "      <td>-0.010229</td>\n",
       "    </tr>\n",
       "    <tr>\n",
       "      <th>mid_tier</th>\n",
       "      <td>-0.019604</td>\n",
       "      <td>0.004474</td>\n",
       "      <td>-0.008711</td>\n",
       "      <td>-0.018010</td>\n",
       "      <td>-0.011685</td>\n",
       "      <td>0.049447</td>\n",
       "      <td>1.000000</td>\n",
       "      <td>-0.004152</td>\n",
       "      <td>0.026894</td>\n",
       "      <td>0.003773</td>\n",
       "      <td>...</td>\n",
       "      <td>-0.015725</td>\n",
       "      <td>0.088775</td>\n",
       "      <td>-0.007120</td>\n",
       "      <td>-0.004529</td>\n",
       "      <td>-0.010040</td>\n",
       "      <td>-0.012464</td>\n",
       "      <td>0.008990</td>\n",
       "      <td>0.035300</td>\n",
       "      <td>0.023185</td>\n",
       "      <td>-0.010404</td>\n",
       "    </tr>\n",
       "    <tr>\n",
       "      <th>carry_tier</th>\n",
       "      <td>-0.004242</td>\n",
       "      <td>0.044557</td>\n",
       "      <td>-0.168896</td>\n",
       "      <td>-0.070491</td>\n",
       "      <td>-0.003128</td>\n",
       "      <td>0.000691</td>\n",
       "      <td>-0.004152</td>\n",
       "      <td>1.000000</td>\n",
       "      <td>0.081664</td>\n",
       "      <td>0.007446</td>\n",
       "      <td>...</td>\n",
       "      <td>-0.215299</td>\n",
       "      <td>0.092971</td>\n",
       "      <td>-0.039683</td>\n",
       "      <td>-0.002875</td>\n",
       "      <td>0.038941</td>\n",
       "      <td>0.012002</td>\n",
       "      <td>0.001992</td>\n",
       "      <td>-0.021572</td>\n",
       "      <td>0.008202</td>\n",
       "      <td>-0.060120</td>\n",
       "    </tr>\n",
       "    <tr>\n",
       "      <th>support_tier</th>\n",
       "      <td>-0.031767</td>\n",
       "      <td>0.006939</td>\n",
       "      <td>-0.114253</td>\n",
       "      <td>0.004413</td>\n",
       "      <td>0.002182</td>\n",
       "      <td>-0.004356</td>\n",
       "      <td>0.026894</td>\n",
       "      <td>0.081664</td>\n",
       "      <td>1.000000</td>\n",
       "      <td>0.010220</td>\n",
       "      <td>...</td>\n",
       "      <td>0.022724</td>\n",
       "      <td>0.100704</td>\n",
       "      <td>-0.034670</td>\n",
       "      <td>-0.020129</td>\n",
       "      <td>0.005483</td>\n",
       "      <td>0.005550</td>\n",
       "      <td>-0.007383</td>\n",
       "      <td>0.058305</td>\n",
       "      <td>-0.060757</td>\n",
       "      <td>-0.013617</td>\n",
       "    </tr>\n",
       "    <tr>\n",
       "      <th>c_top_tier</th>\n",
       "      <td>-0.037417</td>\n",
       "      <td>-0.012979</td>\n",
       "      <td>0.126065</td>\n",
       "      <td>-0.000604</td>\n",
       "      <td>0.003451</td>\n",
       "      <td>0.019598</td>\n",
       "      <td>0.003773</td>\n",
       "      <td>0.007446</td>\n",
       "      <td>0.010220</td>\n",
       "      <td>1.000000</td>\n",
       "      <td>...</td>\n",
       "      <td>-0.038544</td>\n",
       "      <td>-0.011215</td>\n",
       "      <td>-0.010739</td>\n",
       "      <td>-0.119056</td>\n",
       "      <td>-0.037107</td>\n",
       "      <td>0.056038</td>\n",
       "      <td>0.054120</td>\n",
       "      <td>0.087729</td>\n",
       "      <td>-0.024205</td>\n",
       "      <td>0.022961</td>\n",
       "    </tr>\n",
       "    <tr>\n",
       "      <th>c_jug_tier</th>\n",
       "      <td>-0.025205</td>\n",
       "      <td>-0.015018</td>\n",
       "      <td>0.062827</td>\n",
       "      <td>-0.053999</td>\n",
       "      <td>0.012324</td>\n",
       "      <td>-0.040587</td>\n",
       "      <td>0.022413</td>\n",
       "      <td>0.041360</td>\n",
       "      <td>0.026976</td>\n",
       "      <td>0.019400</td>\n",
       "      <td>...</td>\n",
       "      <td>0.014719</td>\n",
       "      <td>0.022129</td>\n",
       "      <td>0.060107</td>\n",
       "      <td>-0.103827</td>\n",
       "      <td>0.081460</td>\n",
       "      <td>0.149133</td>\n",
       "      <td>-0.275812</td>\n",
       "      <td>0.013895</td>\n",
       "      <td>-0.029658</td>\n",
       "      <td>0.008437</td>\n",
       "    </tr>\n",
       "    <tr>\n",
       "      <th>c_mid_tier</th>\n",
       "      <td>0.004112</td>\n",
       "      <td>0.018431</td>\n",
       "      <td>0.046637</td>\n",
       "      <td>0.014687</td>\n",
       "      <td>-0.014143</td>\n",
       "      <td>0.053728</td>\n",
       "      <td>0.041965</td>\n",
       "      <td>0.005038</td>\n",
       "      <td>0.000918</td>\n",
       "      <td>0.009817</td>\n",
       "      <td>...</td>\n",
       "      <td>-0.051185</td>\n",
       "      <td>-0.004488</td>\n",
       "      <td>-0.167658</td>\n",
       "      <td>-0.009238</td>\n",
       "      <td>0.064523</td>\n",
       "      <td>0.036282</td>\n",
       "      <td>-0.025308</td>\n",
       "      <td>0.100214</td>\n",
       "      <td>-0.005930</td>\n",
       "      <td>0.030374</td>\n",
       "    </tr>\n",
       "    <tr>\n",
       "      <th>c_carry_tier</th>\n",
       "      <td>-0.097382</td>\n",
       "      <td>0.015381</td>\n",
       "      <td>0.186706</td>\n",
       "      <td>0.014047</td>\n",
       "      <td>0.038062</td>\n",
       "      <td>0.047606</td>\n",
       "      <td>-0.008765</td>\n",
       "      <td>-0.130267</td>\n",
       "      <td>-0.003976</td>\n",
       "      <td>0.001810</td>\n",
       "      <td>...</td>\n",
       "      <td>0.023465</td>\n",
       "      <td>0.011494</td>\n",
       "      <td>-0.022087</td>\n",
       "      <td>-0.022831</td>\n",
       "      <td>0.072866</td>\n",
       "      <td>0.035726</td>\n",
       "      <td>-0.178895</td>\n",
       "      <td>0.076107</td>\n",
       "      <td>-0.032855</td>\n",
       "      <td>0.005324</td>\n",
       "    </tr>\n",
       "    <tr>\n",
       "      <th>c_support_tier</th>\n",
       "      <td>-0.027519</td>\n",
       "      <td>0.016767</td>\n",
       "      <td>0.053491</td>\n",
       "      <td>-0.038952</td>\n",
       "      <td>-0.016109</td>\n",
       "      <td>-0.005290</td>\n",
       "      <td>-0.028099</td>\n",
       "      <td>-0.012975</td>\n",
       "      <td>-0.010547</td>\n",
       "      <td>0.041306</td>\n",
       "      <td>...</td>\n",
       "      <td>0.015443</td>\n",
       "      <td>0.011351</td>\n",
       "      <td>0.024335</td>\n",
       "      <td>-0.242807</td>\n",
       "      <td>0.002772</td>\n",
       "      <td>0.100290</td>\n",
       "      <td>-0.005555</td>\n",
       "      <td>0.137898</td>\n",
       "      <td>0.026637</td>\n",
       "      <td>0.038472</td>\n",
       "    </tr>\n",
       "    <tr>\n",
       "      <th>slayer</th>\n",
       "      <td>-0.050576</td>\n",
       "      <td>-0.006897</td>\n",
       "      <td>-0.034608</td>\n",
       "      <td>-0.001403</td>\n",
       "      <td>0.001215</td>\n",
       "      <td>0.054160</td>\n",
       "      <td>-0.202775</td>\n",
       "      <td>0.046696</td>\n",
       "      <td>0.014358</td>\n",
       "      <td>-0.016428</td>\n",
       "      <td>...</td>\n",
       "      <td>-0.199628</td>\n",
       "      <td>-0.070738</td>\n",
       "      <td>-0.039059</td>\n",
       "      <td>0.019478</td>\n",
       "      <td>0.069171</td>\n",
       "      <td>-0.021502</td>\n",
       "      <td>-0.059755</td>\n",
       "      <td>0.007816</td>\n",
       "      <td>0.047169</td>\n",
       "      <td>-0.002845</td>\n",
       "    </tr>\n",
       "    <tr>\n",
       "      <th>tank</th>\n",
       "      <td>0.018238</td>\n",
       "      <td>-0.004563</td>\n",
       "      <td>0.203475</td>\n",
       "      <td>-0.032052</td>\n",
       "      <td>-0.116496</td>\n",
       "      <td>-0.064420</td>\n",
       "      <td>0.047548</td>\n",
       "      <td>0.002656</td>\n",
       "      <td>-0.252059</td>\n",
       "      <td>0.015041</td>\n",
       "      <td>...</td>\n",
       "      <td>-0.025459</td>\n",
       "      <td>-0.292025</td>\n",
       "      <td>0.042906</td>\n",
       "      <td>-0.054049</td>\n",
       "      <td>0.040807</td>\n",
       "      <td>-0.022089</td>\n",
       "      <td>-0.020400</td>\n",
       "      <td>0.000314</td>\n",
       "      <td>0.045360</td>\n",
       "      <td>-0.006101</td>\n",
       "    </tr>\n",
       "    <tr>\n",
       "      <th>fighter</th>\n",
       "      <td>-0.029166</td>\n",
       "      <td>0.001633</td>\n",
       "      <td>-0.095986</td>\n",
       "      <td>-0.018972</td>\n",
       "      <td>-0.059515</td>\n",
       "      <td>0.067290</td>\n",
       "      <td>0.036978</td>\n",
       "      <td>0.050398</td>\n",
       "      <td>0.039540</td>\n",
       "      <td>0.033546</td>\n",
       "      <td>...</td>\n",
       "      <td>-0.378305</td>\n",
       "      <td>-0.134812</td>\n",
       "      <td>-0.009248</td>\n",
       "      <td>-0.002629</td>\n",
       "      <td>-0.047469</td>\n",
       "      <td>0.022458</td>\n",
       "      <td>0.023969</td>\n",
       "      <td>0.032324</td>\n",
       "      <td>-0.040979</td>\n",
       "      <td>-0.001966</td>\n",
       "    </tr>\n",
       "    <tr>\n",
       "      <th>mage</th>\n",
       "      <td>0.102951</td>\n",
       "      <td>-0.000754</td>\n",
       "      <td>-0.026461</td>\n",
       "      <td>0.053733</td>\n",
       "      <td>0.086798</td>\n",
       "      <td>0.158839</td>\n",
       "      <td>0.043939</td>\n",
       "      <td>-0.009601</td>\n",
       "      <td>0.089900</td>\n",
       "      <td>0.000676</td>\n",
       "      <td>...</td>\n",
       "      <td>-0.073078</td>\n",
       "      <td>-0.213063</td>\n",
       "      <td>-0.018991</td>\n",
       "      <td>0.007279</td>\n",
       "      <td>-0.037553</td>\n",
       "      <td>0.026426</td>\n",
       "      <td>0.022234</td>\n",
       "      <td>0.014723</td>\n",
       "      <td>-0.049664</td>\n",
       "      <td>0.034844</td>\n",
       "    </tr>\n",
       "    <tr>\n",
       "      <th>marksman</th>\n",
       "      <td>0.017579</td>\n",
       "      <td>-0.013610</td>\n",
       "      <td>-0.049037</td>\n",
       "      <td>-0.035101</td>\n",
       "      <td>0.050209</td>\n",
       "      <td>-0.286550</td>\n",
       "      <td>-0.015725</td>\n",
       "      <td>-0.215299</td>\n",
       "      <td>0.022724</td>\n",
       "      <td>-0.038544</td>\n",
       "      <td>...</td>\n",
       "      <td>1.000000</td>\n",
       "      <td>-0.068176</td>\n",
       "      <td>0.032204</td>\n",
       "      <td>0.026158</td>\n",
       "      <td>0.004281</td>\n",
       "      <td>-0.021935</td>\n",
       "      <td>-0.029380</td>\n",
       "      <td>-0.021167</td>\n",
       "      <td>-0.059848</td>\n",
       "      <td>-0.026427</td>\n",
       "    </tr>\n",
       "    <tr>\n",
       "      <th>controller</th>\n",
       "      <td>-0.070844</td>\n",
       "      <td>0.026239</td>\n",
       "      <td>0.011872</td>\n",
       "      <td>0.034870</td>\n",
       "      <td>0.069611</td>\n",
       "      <td>-0.006109</td>\n",
       "      <td>0.088775</td>\n",
       "      <td>0.092971</td>\n",
       "      <td>0.100704</td>\n",
       "      <td>-0.011215</td>\n",
       "      <td>...</td>\n",
       "      <td>-0.068176</td>\n",
       "      <td>1.000000</td>\n",
       "      <td>-0.000308</td>\n",
       "      <td>0.012691</td>\n",
       "      <td>-0.019698</td>\n",
       "      <td>0.007789</td>\n",
       "      <td>0.062618</td>\n",
       "      <td>-0.055942</td>\n",
       "      <td>0.071454</td>\n",
       "      <td>-0.005196</td>\n",
       "    </tr>\n",
       "    <tr>\n",
       "      <th>c_slayer</th>\n",
       "      <td>-0.040217</td>\n",
       "      <td>-0.016477</td>\n",
       "      <td>0.036244</td>\n",
       "      <td>0.009343</td>\n",
       "      <td>-0.022445</td>\n",
       "      <td>-0.027426</td>\n",
       "      <td>-0.007120</td>\n",
       "      <td>-0.039683</td>\n",
       "      <td>-0.034670</td>\n",
       "      <td>-0.010739</td>\n",
       "      <td>...</td>\n",
       "      <td>0.032204</td>\n",
       "      <td>-0.000308</td>\n",
       "      <td>1.000000</td>\n",
       "      <td>-0.129372</td>\n",
       "      <td>-0.269781</td>\n",
       "      <td>-0.338828</td>\n",
       "      <td>-0.194073</td>\n",
       "      <td>-0.062136</td>\n",
       "      <td>0.039120</td>\n",
       "      <td>0.020680</td>\n",
       "    </tr>\n",
       "    <tr>\n",
       "      <th>c_tank</th>\n",
       "      <td>0.028312</td>\n",
       "      <td>0.035207</td>\n",
       "      <td>-0.244821</td>\n",
       "      <td>-0.002706</td>\n",
       "      <td>-0.009981</td>\n",
       "      <td>0.039545</td>\n",
       "      <td>-0.004529</td>\n",
       "      <td>-0.002875</td>\n",
       "      <td>-0.020129</td>\n",
       "      <td>-0.119056</td>\n",
       "      <td>...</td>\n",
       "      <td>0.026158</td>\n",
       "      <td>0.012691</td>\n",
       "      <td>-0.129372</td>\n",
       "      <td>1.000000</td>\n",
       "      <td>-0.318977</td>\n",
       "      <td>-0.161498</td>\n",
       "      <td>-0.058094</td>\n",
       "      <td>-0.320226</td>\n",
       "      <td>-0.054796</td>\n",
       "      <td>-0.032744</td>\n",
       "    </tr>\n",
       "    <tr>\n",
       "      <th>c_fighter</th>\n",
       "      <td>0.007361</td>\n",
       "      <td>-0.005801</td>\n",
       "      <td>0.089626</td>\n",
       "      <td>-0.038699</td>\n",
       "      <td>0.002819</td>\n",
       "      <td>-0.000026</td>\n",
       "      <td>-0.010040</td>\n",
       "      <td>0.038941</td>\n",
       "      <td>0.005483</td>\n",
       "      <td>-0.037107</td>\n",
       "      <td>...</td>\n",
       "      <td>0.004281</td>\n",
       "      <td>-0.019698</td>\n",
       "      <td>-0.269781</td>\n",
       "      <td>-0.318977</td>\n",
       "      <td>1.000000</td>\n",
       "      <td>-0.202377</td>\n",
       "      <td>-0.338734</td>\n",
       "      <td>-0.164964</td>\n",
       "      <td>-0.007778</td>\n",
       "      <td>-0.017871</td>\n",
       "    </tr>\n",
       "    <tr>\n",
       "      <th>c_mage</th>\n",
       "      <td>0.037591</td>\n",
       "      <td>0.029360</td>\n",
       "      <td>0.076933</td>\n",
       "      <td>0.056407</td>\n",
       "      <td>0.012357</td>\n",
       "      <td>-0.020383</td>\n",
       "      <td>-0.012464</td>\n",
       "      <td>0.012002</td>\n",
       "      <td>0.005550</td>\n",
       "      <td>0.056038</td>\n",
       "      <td>...</td>\n",
       "      <td>-0.021935</td>\n",
       "      <td>0.007789</td>\n",
       "      <td>-0.338828</td>\n",
       "      <td>-0.161498</td>\n",
       "      <td>-0.202377</td>\n",
       "      <td>1.000000</td>\n",
       "      <td>-0.114296</td>\n",
       "      <td>-0.227904</td>\n",
       "      <td>-0.007249</td>\n",
       "      <td>0.051943</td>\n",
       "    </tr>\n",
       "    <tr>\n",
       "      <th>c_marksman</th>\n",
       "      <td>-0.013598</td>\n",
       "      <td>-0.014568</td>\n",
       "      <td>0.034980</td>\n",
       "      <td>0.016003</td>\n",
       "      <td>0.033100</td>\n",
       "      <td>0.024894</td>\n",
       "      <td>0.008990</td>\n",
       "      <td>0.001992</td>\n",
       "      <td>-0.007383</td>\n",
       "      <td>0.054120</td>\n",
       "      <td>...</td>\n",
       "      <td>-0.029380</td>\n",
       "      <td>0.062618</td>\n",
       "      <td>-0.194073</td>\n",
       "      <td>-0.058094</td>\n",
       "      <td>-0.338734</td>\n",
       "      <td>-0.114296</td>\n",
       "      <td>1.000000</td>\n",
       "      <td>-0.023869</td>\n",
       "      <td>-0.010022</td>\n",
       "      <td>0.015459</td>\n",
       "    </tr>\n",
       "    <tr>\n",
       "      <th>c_controller</th>\n",
       "      <td>-0.029054</td>\n",
       "      <td>-0.035903</td>\n",
       "      <td>-0.009854</td>\n",
       "      <td>-0.037013</td>\n",
       "      <td>-0.011981</td>\n",
       "      <td>-0.012681</td>\n",
       "      <td>0.035300</td>\n",
       "      <td>-0.021572</td>\n",
       "      <td>0.058305</td>\n",
       "      <td>0.087729</td>\n",
       "      <td>...</td>\n",
       "      <td>-0.021167</td>\n",
       "      <td>-0.055942</td>\n",
       "      <td>-0.062136</td>\n",
       "      <td>-0.320226</td>\n",
       "      <td>-0.164964</td>\n",
       "      <td>-0.227904</td>\n",
       "      <td>-0.023869</td>\n",
       "      <td>1.000000</td>\n",
       "      <td>0.047824</td>\n",
       "      <td>-0.039006</td>\n",
       "    </tr>\n",
       "    <tr>\n",
       "      <th>match_cnt</th>\n",
       "      <td>-0.110313</td>\n",
       "      <td>-0.024535</td>\n",
       "      <td>0.070583</td>\n",
       "      <td>0.106546</td>\n",
       "      <td>0.031466</td>\n",
       "      <td>-0.060041</td>\n",
       "      <td>0.023185</td>\n",
       "      <td>0.008202</td>\n",
       "      <td>-0.060757</td>\n",
       "      <td>-0.024205</td>\n",
       "      <td>...</td>\n",
       "      <td>-0.059848</td>\n",
       "      <td>0.071454</td>\n",
       "      <td>0.039120</td>\n",
       "      <td>-0.054796</td>\n",
       "      <td>-0.007778</td>\n",
       "      <td>-0.007249</td>\n",
       "      <td>-0.010022</td>\n",
       "      <td>0.047824</td>\n",
       "      <td>1.000000</td>\n",
       "      <td>0.018179</td>\n",
       "    </tr>\n",
       "    <tr>\n",
       "      <th>win</th>\n",
       "      <td>-0.000361</td>\n",
       "      <td>-0.016757</td>\n",
       "      <td>0.054047</td>\n",
       "      <td>0.439009</td>\n",
       "      <td>-0.010304</td>\n",
       "      <td>-0.010229</td>\n",
       "      <td>-0.010404</td>\n",
       "      <td>-0.060120</td>\n",
       "      <td>-0.013617</td>\n",
       "      <td>0.022961</td>\n",
       "      <td>...</td>\n",
       "      <td>-0.026427</td>\n",
       "      <td>-0.005196</td>\n",
       "      <td>0.020680</td>\n",
       "      <td>-0.032744</td>\n",
       "      <td>-0.017871</td>\n",
       "      <td>0.051943</td>\n",
       "      <td>0.015459</td>\n",
       "      <td>-0.039006</td>\n",
       "      <td>0.018179</td>\n",
       "      <td>1.000000</td>\n",
       "    </tr>\n",
       "  </tbody>\n",
       "</table>\n",
       "<p>28 rows × 28 columns</p>\n",
       "</div>"
      ],
      "text/plain": [
       "                  gameId    teamId  champ_WR_dif  user_champ_WR  top_tier  \\\n",
       "gameId          1.000000  0.043550     -0.066775       0.008772 -0.029896   \n",
       "teamId          0.043550  1.000000     -0.137012       0.010114  0.024701   \n",
       "champ_WR_dif   -0.066775 -0.137012      1.000000       0.058302  0.000087   \n",
       "user_champ_WR   0.008772  0.010114      0.058302       1.000000  0.020281   \n",
       "top_tier       -0.029896  0.024701      0.000087       0.020281  1.000000   \n",
       "jug_tier        0.001377  0.022401     -0.060093      -0.021419 -0.035172   \n",
       "mid_tier       -0.019604  0.004474     -0.008711      -0.018010 -0.011685   \n",
       "carry_tier     -0.004242  0.044557     -0.168896      -0.070491 -0.003128   \n",
       "support_tier   -0.031767  0.006939     -0.114253       0.004413  0.002182   \n",
       "c_top_tier     -0.037417 -0.012979      0.126065      -0.000604  0.003451   \n",
       "c_jug_tier     -0.025205 -0.015018      0.062827      -0.053999  0.012324   \n",
       "c_mid_tier      0.004112  0.018431      0.046637       0.014687 -0.014143   \n",
       "c_carry_tier   -0.097382  0.015381      0.186706       0.014047  0.038062   \n",
       "c_support_tier -0.027519  0.016767      0.053491      -0.038952 -0.016109   \n",
       "slayer         -0.050576 -0.006897     -0.034608      -0.001403  0.001215   \n",
       "tank            0.018238 -0.004563      0.203475      -0.032052 -0.116496   \n",
       "fighter        -0.029166  0.001633     -0.095986      -0.018972 -0.059515   \n",
       "mage            0.102951 -0.000754     -0.026461       0.053733  0.086798   \n",
       "marksman        0.017579 -0.013610     -0.049037      -0.035101  0.050209   \n",
       "controller     -0.070844  0.026239      0.011872       0.034870  0.069611   \n",
       "c_slayer       -0.040217 -0.016477      0.036244       0.009343 -0.022445   \n",
       "c_tank          0.028312  0.035207     -0.244821      -0.002706 -0.009981   \n",
       "c_fighter       0.007361 -0.005801      0.089626      -0.038699  0.002819   \n",
       "c_mage          0.037591  0.029360      0.076933       0.056407  0.012357   \n",
       "c_marksman     -0.013598 -0.014568      0.034980       0.016003  0.033100   \n",
       "c_controller   -0.029054 -0.035903     -0.009854      -0.037013 -0.011981   \n",
       "match_cnt      -0.110313 -0.024535      0.070583       0.106546  0.031466   \n",
       "win            -0.000361 -0.016757      0.054047       0.439009 -0.010304   \n",
       "\n",
       "                jug_tier  mid_tier  carry_tier  support_tier  c_top_tier  ...  \\\n",
       "gameId          0.001377 -0.019604   -0.004242     -0.031767   -0.037417  ...   \n",
       "teamId          0.022401  0.004474    0.044557      0.006939   -0.012979  ...   \n",
       "champ_WR_dif   -0.060093 -0.008711   -0.168896     -0.114253    0.126065  ...   \n",
       "user_champ_WR  -0.021419 -0.018010   -0.070491      0.004413   -0.000604  ...   \n",
       "top_tier       -0.035172 -0.011685   -0.003128      0.002182    0.003451  ...   \n",
       "jug_tier        1.000000  0.049447    0.000691     -0.004356    0.019598  ...   \n",
       "mid_tier        0.049447  1.000000   -0.004152      0.026894    0.003773  ...   \n",
       "carry_tier      0.000691 -0.004152    1.000000      0.081664    0.007446  ...   \n",
       "support_tier   -0.004356  0.026894    0.081664      1.000000    0.010220  ...   \n",
       "c_top_tier      0.019598  0.003773    0.007446      0.010220    1.000000  ...   \n",
       "c_jug_tier     -0.040587  0.022413    0.041360      0.026976    0.019400  ...   \n",
       "c_mid_tier      0.053728  0.041965    0.005038      0.000918    0.009817  ...   \n",
       "c_carry_tier    0.047606 -0.008765   -0.130267     -0.003976    0.001810  ...   \n",
       "c_support_tier -0.005290 -0.028099   -0.012975     -0.010547    0.041306  ...   \n",
       "slayer          0.054160 -0.202775    0.046696      0.014358   -0.016428  ...   \n",
       "tank           -0.064420  0.047548    0.002656     -0.252059    0.015041  ...   \n",
       "fighter         0.067290  0.036978    0.050398      0.039540    0.033546  ...   \n",
       "mage            0.158839  0.043939   -0.009601      0.089900    0.000676  ...   \n",
       "marksman       -0.286550 -0.015725   -0.215299      0.022724   -0.038544  ...   \n",
       "controller     -0.006109  0.088775    0.092971      0.100704   -0.011215  ...   \n",
       "c_slayer       -0.027426 -0.007120   -0.039683     -0.034670   -0.010739  ...   \n",
       "c_tank          0.039545 -0.004529   -0.002875     -0.020129   -0.119056  ...   \n",
       "c_fighter      -0.000026 -0.010040    0.038941      0.005483   -0.037107  ...   \n",
       "c_mage         -0.020383 -0.012464    0.012002      0.005550    0.056038  ...   \n",
       "c_marksman      0.024894  0.008990    0.001992     -0.007383    0.054120  ...   \n",
       "c_controller   -0.012681  0.035300   -0.021572      0.058305    0.087729  ...   \n",
       "match_cnt      -0.060041  0.023185    0.008202     -0.060757   -0.024205  ...   \n",
       "win            -0.010229 -0.010404   -0.060120     -0.013617    0.022961  ...   \n",
       "\n",
       "                marksman  controller  c_slayer    c_tank  c_fighter    c_mage  \\\n",
       "gameId          0.017579   -0.070844 -0.040217  0.028312   0.007361  0.037591   \n",
       "teamId         -0.013610    0.026239 -0.016477  0.035207  -0.005801  0.029360   \n",
       "champ_WR_dif   -0.049037    0.011872  0.036244 -0.244821   0.089626  0.076933   \n",
       "user_champ_WR  -0.035101    0.034870  0.009343 -0.002706  -0.038699  0.056407   \n",
       "top_tier        0.050209    0.069611 -0.022445 -0.009981   0.002819  0.012357   \n",
       "jug_tier       -0.286550   -0.006109 -0.027426  0.039545  -0.000026 -0.020383   \n",
       "mid_tier       -0.015725    0.088775 -0.007120 -0.004529  -0.010040 -0.012464   \n",
       "carry_tier     -0.215299    0.092971 -0.039683 -0.002875   0.038941  0.012002   \n",
       "support_tier    0.022724    0.100704 -0.034670 -0.020129   0.005483  0.005550   \n",
       "c_top_tier     -0.038544   -0.011215 -0.010739 -0.119056  -0.037107  0.056038   \n",
       "c_jug_tier      0.014719    0.022129  0.060107 -0.103827   0.081460  0.149133   \n",
       "c_mid_tier     -0.051185   -0.004488 -0.167658 -0.009238   0.064523  0.036282   \n",
       "c_carry_tier    0.023465    0.011494 -0.022087 -0.022831   0.072866  0.035726   \n",
       "c_support_tier  0.015443    0.011351  0.024335 -0.242807   0.002772  0.100290   \n",
       "slayer         -0.199628   -0.070738 -0.039059  0.019478   0.069171 -0.021502   \n",
       "tank           -0.025459   -0.292025  0.042906 -0.054049   0.040807 -0.022089   \n",
       "fighter        -0.378305   -0.134812 -0.009248 -0.002629  -0.047469  0.022458   \n",
       "mage           -0.073078   -0.213063 -0.018991  0.007279  -0.037553  0.026426   \n",
       "marksman        1.000000   -0.068176  0.032204  0.026158   0.004281 -0.021935   \n",
       "controller     -0.068176    1.000000 -0.000308  0.012691  -0.019698  0.007789   \n",
       "c_slayer        0.032204   -0.000308  1.000000 -0.129372  -0.269781 -0.338828   \n",
       "c_tank          0.026158    0.012691 -0.129372  1.000000  -0.318977 -0.161498   \n",
       "c_fighter       0.004281   -0.019698 -0.269781 -0.318977   1.000000 -0.202377   \n",
       "c_mage         -0.021935    0.007789 -0.338828 -0.161498  -0.202377  1.000000   \n",
       "c_marksman     -0.029380    0.062618 -0.194073 -0.058094  -0.338734 -0.114296   \n",
       "c_controller   -0.021167   -0.055942 -0.062136 -0.320226  -0.164964 -0.227904   \n",
       "match_cnt      -0.059848    0.071454  0.039120 -0.054796  -0.007778 -0.007249   \n",
       "win            -0.026427   -0.005196  0.020680 -0.032744  -0.017871  0.051943   \n",
       "\n",
       "                c_marksman  c_controller  match_cnt       win  \n",
       "gameId           -0.013598     -0.029054  -0.110313 -0.000361  \n",
       "teamId           -0.014568     -0.035903  -0.024535 -0.016757  \n",
       "champ_WR_dif      0.034980     -0.009854   0.070583  0.054047  \n",
       "user_champ_WR     0.016003     -0.037013   0.106546  0.439009  \n",
       "top_tier          0.033100     -0.011981   0.031466 -0.010304  \n",
       "jug_tier          0.024894     -0.012681  -0.060041 -0.010229  \n",
       "mid_tier          0.008990      0.035300   0.023185 -0.010404  \n",
       "carry_tier        0.001992     -0.021572   0.008202 -0.060120  \n",
       "support_tier     -0.007383      0.058305  -0.060757 -0.013617  \n",
       "c_top_tier        0.054120      0.087729  -0.024205  0.022961  \n",
       "c_jug_tier       -0.275812      0.013895  -0.029658  0.008437  \n",
       "c_mid_tier       -0.025308      0.100214  -0.005930  0.030374  \n",
       "c_carry_tier     -0.178895      0.076107  -0.032855  0.005324  \n",
       "c_support_tier   -0.005555      0.137898   0.026637  0.038472  \n",
       "slayer           -0.059755      0.007816   0.047169 -0.002845  \n",
       "tank             -0.020400      0.000314   0.045360 -0.006101  \n",
       "fighter           0.023969      0.032324  -0.040979 -0.001966  \n",
       "mage              0.022234      0.014723  -0.049664  0.034844  \n",
       "marksman         -0.029380     -0.021167  -0.059848 -0.026427  \n",
       "controller        0.062618     -0.055942   0.071454 -0.005196  \n",
       "c_slayer         -0.194073     -0.062136   0.039120  0.020680  \n",
       "c_tank           -0.058094     -0.320226  -0.054796 -0.032744  \n",
       "c_fighter        -0.338734     -0.164964  -0.007778 -0.017871  \n",
       "c_mage           -0.114296     -0.227904  -0.007249  0.051943  \n",
       "c_marksman        1.000000     -0.023869  -0.010022  0.015459  \n",
       "c_controller     -0.023869      1.000000   0.047824 -0.039006  \n",
       "match_cnt        -0.010022      0.047824   1.000000  0.018179  \n",
       "win               0.015459     -0.039006   0.018179  1.000000  \n",
       "\n",
       "[28 rows x 28 columns]"
      ]
     },
     "execution_count": 24,
     "metadata": {},
     "output_type": "execute_result"
    }
   ],
   "source": [
    "df.corr(method='pearson')"
   ]
  },
  {
   "cell_type": "code",
   "execution_count": 25,
   "metadata": {},
   "outputs": [],
   "source": [
    "knn = KNeighborsClassifier()"
   ]
  },
  {
   "cell_type": "code",
   "execution_count": 26,
   "metadata": {},
   "outputs": [],
   "source": [
    "X=df.iloc[:,1:-1]\n",
    "y=df.iloc[:,-1]"
   ]
  },
  {
   "cell_type": "code",
   "execution_count": 27,
   "metadata": {},
   "outputs": [
    {
     "data": {
